<?xml version="1.0"?>
<opencv_storage>
<invHL type_id="opencv-matrix">
  <rows>2</rows>
  <cols>3</cols>
  <dt>f</dt>
  <data>
    1.10733109e-02 1.03714774e-04 -1.80935516e+01 8.12456638e-05
    -1.08642848e-02 1.11431208e+01</data></invHL>
<invHR type_id="opencv-matrix">
  <rows>2</rows>
  <cols>3</cols>
  <dt>f</dt>
  <data>
    1.10564129e-02 8.26643227e-05 -2.11883659e+01 6.44102038e-05
    -1.08680306e-02 1.17544460e+01</data></invHR>
<ML type_id="opencv-matrix">
  <rows>8</rows>
  <cols>1</cols>
  <dt>f</dt>
  <data>
    9.07132034e+01 7.25931346e-01 1.62439551e+03 9.39145565e-01
    -9.21251831e+01 1.03785925e+03 2.54285143e-04 -8.38650303e-05</data></ML>
<MR type_id="opencv-matrix">
  <rows>8</rows>
  <cols>1</cols>
  <dt>f</dt>
  <data>
    9.10660019e+01 4.21904981e-01 1.90839368e+03 8.94992948e-01
    -9.21609344e+01 1.09294873e+03 3.28029040e-04 -1.39087817e-04</data></MR>
<rotatePoint1>
  3.6936336517333984e+01 -8.5124153137207031e+01</rotatePoint1>
<rotatePoint2>
  -3.5884532928466797e+01 -8.5127502441406250e+01</rotatePoint2>
<matsetL type_id="opencv-matrix">
  <rows>3</rows>
  <cols>9</cols>
  <dt>f</dt>
  <data>
    1.35560376e+03 1.62719250e+03 1.89770300e+03 1.89484277e+03
    1.62469141e+03 1.35330872e+03 1.35037720e+03 1.62244885e+03
    1.89215454e+03 7.59651184e+02 7.61901428e+02 7.63491699e+02
    1.03984314e+03 1.03803271e+03 1.03565479e+03 1.31169800e+03
    1.31421216e+03 1.31582214e+03 1. 1. 1. 1. 1. 1. 1. 1. 1.</data></matsetL>
<matsetR type_id="opencv-matrix">
  <rows>3</rows>
  <cols>9</cols>
  <dt>f</dt>
  <data>
    1.63835522e+03 1.91077905e+03 2.18153540e+03 2.17925391e+03
    1.90880701e+03 1.63692505e+03 1.63451770e+03 1.90682727e+03
    2.17694434e+03 8.15305786e+02 8.16718140e+02 8.18539429e+02
    1.09451587e+03 1.09258923e+03 1.09144690e+03 1.36739087e+03
    1.36859314e+03 1.37073877e+03 1. 1. 1. 1. 1. 1. 1. 1. 1.</data></matsetR>
<matTransWorldSet type_id="opencv-matrix">
  <rows>2</rows>
  <cols>9</cols>
  <dt>f</dt>
  <data>
    -3. 0. 3. 3. 0. -3. -3. 0. 3. 3. 3. 3. 0. 0. 0. -3. -3. -3.</data></matTransWorldSet>
</opencv_storage>
